6030147420
8524115178
6844413146
7771630514
6747742467
7117534255
7474647774
7853041430
9961616305
7711753425
6011522123
6315941811
7949373077
9356174918
7150002180
8000730000
8500101800
8000250001
7300002350
6000014220
6300002250
8350004500
9200002020
7200002318
8344718126
7371244114
8130444311
8147132543
7112101650
9500197002
7002070024
7007387854
7961610512
8917057529
9091709017
8289173786
9691738783
8315917387
9646649174
9093943891
7620686744
9176208724
8917798763
6991797228
6389180077
6369918149
9391837905
9183909169
9184593629
9291859549
9186051329
9187670710
9187675533
6918830010
6413891901
7431219190
7540620191
9075786669
9191099556
6919145277
9191728384
6991932236
6800919326
8191940392
8206919545
6389195520
9195524095
9196577139
7391966560
9196738425
9991976439
8999919766
9492969198
7660639199
7283291997
6413891930
9067905101
9196654153
6084491930
9995478000
6917378501
6138919923
7011919923
6925991992
6716459199
7677989919
9420720779
9963062306
9199671245
7791997029
9199703837
7383989179
7202118791
7249273001
9176207241
9174989200
8491962386
9648918793
6484279173
7418917387
6048919730
9959918419
9863349190
7837600491
9370060692
9175585242
9175071717
9196893820
9379174990
7525391902
7418917218
7172391880
6616905234
8149156971
9194201234
9195777796
9691704004
9619791976
9744979198
8798891895
6864866918
7418918010
8630234915
7494727916
7175938917
7918917020
6359170201
8449491702
7763917020
8091702083
7791702084
7189170209
8173091702
9879989170
8286015917
8374554917
8473786917
8601020917
8840438917
8006491703
7091703806
8138917038
7722917038
6825029170
8850504917
8933238917
8946132917
6926917040
6858149170
7104209170
8447509170
8138917057
7559170575
7917057634
9969170577
6791705786
6455917058
8480291705
8621157917
8694127917
8939081917
8389170664
9479991706
6495664917
6666080891
7066972448
9170717407
7917083154
9170838300
9917083882
9917083918
9170979707
8138917218
9449172182
8272917218
8654491721
8390660917
8434082917
8594990917
8727989917
9246273917
9403593917
8138917219
6882599172
9797507917
8974424917
9003956917
9295757917
9416821917
9638028917
9747793917
9894015917
8138917263
8069909172
7600611891
7276045494
9172761092
9491727617
9917276208
9172762190
8891727626
6229172762
6971291727
8138917276
7810709172
7689253491
7276930867
9173043346
8917304404
9173500096
9173500191
9173502861
9173503016
9173504722
8138917350
9759917350
7371279173
7806969173
7891619173
7837560091
7385279423
9173855661
9491738574
7099173858
6039173858
8138917385
8916509173
8731909891
7387324903
9173919191
9173919397
6691741018
8991742080
7549174208
6414917447
9174474069
8138917447
8088917447
7722917447
7499189174
8067372917
9090810791
7498203109
9174982782
9691749829
8019917498
6991749858
9138917498
9130639174
9911218791
7499198401
9174993493
6991749945
7323917499
9917499968
7169174999
7040191749
9979430917
9138917507
7340691750
7369787917
7779499917
7260122917
7374161917
7712643917
7717793917
7903493917
7973478917
9138917557
7414191755
8297558917
9337720917
8826904791
7620029763
9176200301
9176200380
6891762007
7689176200
7449591762
9138917620
9176202521
7391762026
7191762033
9029176203
8281791762
9499176207
7799917620
8816909176
9554149176
9138917666
6917666311
7419176664
7891766649
6647917666
6743919176
6667647391
7666787920
9176668352
9917666959
7191768682
9138917709
7365991770
9552442917
7098823559
7711008791
7917718993
9291771907
6901917719
8042589177
9573349177
9734589177
9138917738
6791773846
9991774187
6940917743
8476119177
8838519177
9527099177
6841565917
7569496669
7757973316
9177579922
9138917758
9286359177
6790998091
7769012555
9177699748
8917773954
9291777397
9419177740
8917774068
6917774926
9177750797
9138917775
8649079177
7588891891
7776007232
9177768337
9177769121
9177960264
9177966900
7917796836
7391779687
7130917796
9417917796
8982089177
9693774391
7798601278
9178208016
8091782095
6091782180
7639178218
6209178219
9178219403
9178228433
9417917822
8960569178
9716039178
9076819178
7529449691
7875375978
9178754701
9178755009
9291787573
7691787575
6691787592
9417917875
9795139178
7914777791
7887658384
9178878227
8791788822
8449178880
8091788819
9039179028
8632091797
7391797220
7917972300
7591797241
6917972579
7789179729
6224917972
9938889180
7576955918
7724301918
7773561918
7777605918
7918007860
6669180079
9180104722
8091801056
9180107535
9180108479
6091801085
9918010878
7691801099
9491805513
7918055402
9180558315
8918080264
9180805476
9918080882
7879180809
8291808097
9765918087
9918087191
9991808726
7918087434
7691808787
6639180929
9181049363
9181086111
6591814929
7191814937
6141918149
8964691814
9870423918
7918149899
9181697033
6918177827
8918177959
9691818000
9918180803
8069181808
8391818090
6291820850
6202918208
7918208677
9918208681
9849182088
9182088508
6918223079
9182376068
6791826103
9182620951
9182628192
9182638981
7918275441
6139182754
6663091829
6495459182
9617935191
8308203920
9183082162
9183084807
6918308691
7491830897
7716918329
7918329389
8391832959
9997918329
8910869183
7891004891
8379862582
9183809376
8891838098
9844918381
6418691839
6163918390
7918390694
9791840794
6909184088
8623491840
8984113918
6821791842
7918421652
9184216920
8791842175
7429184217
7918446183
9109184461
8505891844
6234672918
6332506918
9499184590
6147918459
7879184592
9169184593
7369184593
7918459427
9184594325
7191845953
6529184595
9630391845
9640026918
9705860918
9869466918
6880885791
8482803868
9184828055
7918482844
8469184829
8577291848
9848789184
8405807791
8484099993
9184848688
6991853001
9359918530
8536891853
8908191853
7918530497
9185309387
7918554065
6091855486
6075918600
9309186003
8004918600
8143918600
7164349186
8085989186
7918605020
7918605131
6591860513
6918605235
9186053071
9186055520
9186057299
7391860574
9186239577
7918626081
7918626099
9991865220
9028918652
9186527769
8918668455
9929186686
8219186687
8209186687
6079186687
6691918668
7918668843
9186688986
8918669189
9091866924
9779186693
7389891866
9568756918
6699966609
8698034410
9186980580
7891869806
7918766027
7949187660
8922791876
6618874918
7669404719
8766941582
9187669564
9187669720
9187670207
9918767064
8918767190
7918767328
9291876748
8449187676
8691876797
6049187797
6260091877
9916374918
7884466899
8788562558
9187885878
8291878871
7918788886
7009187889
7918793314
9187939819
9187960654
9187964851
9187968675
9918805099
8391880511
6991880513
7918805310
9188054164
9918805483
8391880555
7409188056
6260918805
7890069188
7906059188
9468449188
9825849188
7918806248
9188066091
9918806686
8279188300
8589188300
6489291883
8274918830
6867918830
7541918830
9170191883
7918830680
8918847740
9188503965
6791885690
7491886206
8079918883
8555918888
8424918888
7526918888
9191291888
7918888154
9289188883
6062391888
8387368918
8886787659
8888779092
9188887824
7091888886
9918888935
7439188988
9918928706
7918956139
7479189564
9909189568
9100191897
9189754155
6191897545
8291897550
9189755099
8918975527
7891897571
7918975718
9189758187
8991897590
6369189779
6049189830
9571091898
7264291898
7877918983
8373918983
8671918983
7918999112
6609189991
7670891899
9295165918
9994091209
8999734782
9189997621
7918999766
6918999818
8918999864
8919011008
7919011008
9190110485
9190111203
6691901130
9190113869
9190117199
6391901185
8689919011
8625749190
9359149190
7919021313
9190214141
7691902159
9659190216
7265791902
7030779190
7620769190
8797449190
6506691902
9190222510
7919022251
9190222606
7591902254
6149190226
7919028174
7139190281
9356191904
9107949919
9222152919
9553355919
7919049766
9190497943
9190499443
7591906727
8409190673
8485991906
7531160919
6778712091
9067874999
9190679045
9190751530
7919075489
9190759569
7919082421
7949190960
7919096142
9190962781
9190964072
8691909657
7291909666
6267919096
7919104962
8429191116
7107919112
9412491911
6634291911
7276269191
8282749191
8315579191
9428502919
6621919130
7919130153
9291913017
7919130236
9891913034
6191913050
9919130547
9269191306
7149191307
7119191307
9191307983
7919143303
8891914502
8589191450
9191456406
9091914614
9919146395
8639191464
9751919146
6144191914
6490192919
7919146923
9191496991
6691915621
9191582808
7291915833
8919158336
8089191585
7394291915
8886933919
6803477891
9168111791
7919168272
8291916867
9684491916
8792234919
7201413991
9172022599
9191722402
8791917233
7091917266
6556919172
8629019191
7919175204
9191753940
7919175717
9691920922
7894919209
6957919226
8891922604
8854919226
6508499192
7029586391
9272180881
7919284006
9289709192
8414106091
9284200091
9192843676
9192845050
7919284834
8391928489
7291928935
9193070219
9193071501
7919307414
7919307538
8591930772
6919307955
9193092739
9193094355
8691930978
9193098490
8791930987
6419919321
7919321434
9379193223
7576919322
9151091932
9825991932
7436319193
7533909193
9479193253
7733919325
9061919325
7919325802
9193259317
9391932593
9193280675
6291933340
9193563742
9193564304
8919356839
6919359326
8529193594
7919359434
9193599027
7291935991
9193702453
9193703096
8919370355
6659193703
9449791937
9852791937
6359919370
7919370589
9193707271
6891937082
8902919372
7589691937
7116891937
8762891937
7791937340
6269193734
9193735565
7919373788
6739193739
7703791937
9819919193
7399935591
9403252588
9194059961
9919421640
9194218713
9491942219
9194227055
7919503141
6399195036
7579195037
8404091950
8269049195
8558829195
8968989195
6746919511
6430829195
6592479195
7919511933
6609195119
9195187374
6919518784
9195189275
9195189732
7991952701
7060919527
9195272681
9195272835
7919529317
9195450456
9919545152
6491954527
9893919545
6812689195
7913039195
7079195521
6024919552
8313191955
7919552325
8919552381
9195525067
9195526599
7091956161
6079195616
6618091956
6896539195
7900173591
9579018979
9195791515
7919579152
6091957923
6399195793
9120919579
7729195794
9891957953
8206919579
6670491957
9630652919
7972100691
9579764780
7919595251
9195953131
7091960411
8118919604
7749196041
6272691960
9533591960
6921919604
7708791960
8943891960
7919604697
9196049824
9591960717
6169196072
6430291960
7676391919
6230207459
9623079155
9196231304
9196231313
9391962314
7919623731
7919623879
9291963718
8139196373
7090191963
7463838919
6375967679
9637682646
9196570410
7591965723
7669196574
7919657596
8809196576
7624091966
7322039196
6500676991
9665343795
9196654547
9196654790
8791966563
7755919665
6773039196
7919673415
9196737304
6919673741
9919673757
7379196739
7887919689
7860191968
9180335919
6892516279
9689269439
9196892927
7919689414
9196894501
8891968985
9196898909
7919699091
9196992571
9691969966
9991969966
7891969992
7596919700
7919703800
6991973000
6591973003
9279197302
9919730251
9197303100
9197304124
9197306445
9197307641
8591973077
7919762180
7919762182
9197623190
9197625176
7919762944
8919763038
8359197630
9656791976
7743919763
7916591976
7919763365
9197634686
9197635169
9197636284
9197637012
9197637667
9197639096
9891976404
6269197646
6985291976
7919764773
7791976479
6365919765
8002919765
6691976554
7179197660
6491976625
7991976625
7441919766
6332291976
7919766525
7691976653
7271919766
6289039197
6677177291
9766910888
9197670218
9197670998
9891976719
9079197672
8771391976
7919767336
9197674077
9197674531
9197674766
9197675847
9197679489
9197694373
9791980977
7711919819
9919822049
7919822131
9198222023
9198222321
6791982225
9198223210
6919822323
7059198225
7212291982
8123491982
7268959198
6919822989
6091982298
9876919823
7787891982
6355649198
6490879198
7227699198
9376269198
9706409198
9198340581
6919834119
8829198341
8124091983
9897919834
7723791983
6962091983
6215919834
8812891983
9323919834
8044191985
6919850451
9198504714
9919850494
8209198505
6778691985
6735189198
7572829198
9390639198
6222291986
7919860271
6919860271
9198604931
7919860538
8919860650
8291986082
9991986086
9198609711
7391986097
9818919876
7160599198
6919881384
7919881390
6644491988
9198815451
9091988155
8919890131
7391989028
9791989033
6109198903
7270791980
6919890282
7270791989
9198905375
9198906398
9198907237
8891989094
7238919921
7235919921
6416919921
7554919921
8599199214
9791992142
7650919921
6459199215
8571391992
8598069199
7649199223
8179199224
6416919922
8007291992
8009369199
9382829199
6091992373
6691996011
7701919960
8891996045
7991996051
9960919960
6416919960
8454879199
7002252991
9970728235
9199707731
9199708567
8191997512
8939199751
7359391997
8491997538
6437919975
6416919975
8919975720
8291997577
9149199757
9828291997
9389802919
9861188029
9987382141
6169173040
9646310179
8208168582
9172089921
9521049193
7099110726
6193991724
9110800260
6190391992
8378260320
6172191996
7821612503
6205291721
8720099230
6204791838
8881621032
6411691721
6074491721
8673574200
6201191706
6650481200
6092291721
8438302200
6092291983
7420220032
6091691888
8537323190
6102691928
9691180320
6190891992
8555151803
6185291721
9832320180
6411691928
6164891976
9586218032
6154291976
8782471603
6221991758
7072661160
6184091630
7057160320
6092291937
8959515032
6174191775
7845559140
8369176666
6248918010
7349193716
7829183903
9719192255
7007919226
9399091950
9187969150
9091787538
6091970231
8362127793
8592234705
6246187234
9163438746
7317711670
8628312193
9364628517
7498138916
9533149916
9646499162
6082899391
6267548626
8369162675
8626916360
7185949163
6138652591
7020202368
9170204349
7591702079
9917023411
7591703865
8331917057
9170687244
8369170831
7091721825
8536917218
8202991726
6097791727
6002639917
7633031191
7350208418
9173502300
9173507423
7691737878
8411691738
6882491742
8836649174
7606826917
7886969917
8227283917
9848405917
9808652591
7498538570
9174998932
6917499938
8411691755
9163304917
6201471339
7620179742
9176201849
7891762069
9176207692
9176208107
9176300527
9891766602
6889176660
8411691766
6151066917
6973738339
7709052244
9177097188
8917715949
8091774587
9177578115
9177579777
9591776804
9861917774
8169177740
6917774015
7917776914
7917798662
7591782104
8319178430
9178757047
9178873548
9917887717
9529180075
8169180075
6229180103
9180104483
9180106276
8491801078
8891808004
8121918080
7929180804
7407291808
6783789180
8169181499
7591819308
9881918208
6500909182
7367578918
6300355991
8275556821
9182869020
6191830855
6912918308
7077791832
8411691832
9823507918
9056345091
8390953083
9184080773
8591843262
9184327859
9918446116
8491844626
9184468710
9184598170
8411691845
9960411918
6894411491
8483003609
9184839172
9184858589
7291859709
8244918600
9045918604
6970991866
8311987491
8668945802
8411691866
9092412918
6697486889
8669945166
9187670969
9187674335
7918767444
7091876787
6918788591
9187998948
9188051300
9169188064
6918806912
6229188302
7723091883
9153918830
6870599188
7587449188
8091885505
8791885506
6102918856
9169188578
6809918866
7593769188
7135044391
8888152761
9188882356
8691888847
7454918888
6606189188
8873273891
8956033133
9189569225
9169189569
6347591898
6043839189
9919136391
8999366875
9189997024
9189997117
9291901102
9190113652
9991902123
8855919021
9169190225
7919022739
6429190281
8391902822
7410919049
6439190750
8291919075
9191062452
9491911291
8769191367
9169191367
9191454529
9191461330
8919146688
6919146844
6109191468
7279691915
6816307919
8676649919
8894433919
9416919172
6401091917
8245649192
9840079192
9913507919
6502304919
6577291926
9192721586
6919284054
7391928440
9413691928
9802179193
7102552919
7260257919
9862178919
9879417919
7610391932
9886799193
6147432919
9394265919
9369193716
8490491937
7514919399
7389194047
8120091940
9419194216
6318491942
9543891949
6694189195
8349195038
9416919511
8749409195
8998267919
7437307919
9376578919
9918856919
6919561161
7069195793
6950291957
9600864919
9416919579
9508539196
8591960712
7209196115
9532091962
9196232771
8919623552
9591962358
9259919637
9196571927
9416919657
6418739196
6548697991
9673117852
9196898478
9196994309
9196995538
9919699586
9919718527
8919766575
7809197666
9416919766
9577499197
6740747591
9820645322
9198229765
6791982307
9919834277
9189198537
7509198603
9391988142
7569198900
9369198905
8277991989
9329149199
8423291992
7070919922
9552919922
7456791992
9649991992
9369199231
6919075280
7390812919
6072321277
8167852065
9187796813
6105762895
6302556492
6032026221
9179727600
9260320262
7917020005
6826032026
7299189282
6526032026
9180873734
6032026141
6918767942
9260320260
7592348105
8342822603
6013491983
6983422503
6223991897
7454042503
6095191928
9697324032
6105391808
6001791876
7395022230
6184891976
9278772303
6141391801
9230320261
9195797261
6207070440
6220320261
6469198670
6220320260
8269176209
6221591985
6569521032
6012191958
6077679200
6203591952
7023556200
6105991705
7341667190
6131125477
6848190320
6004891830
8811487180
6115091899
9951259180
6916262767
7180320261
8916382535
6917032026
8239195798
9349417032
6121191759
9693671703
6121091772
9962170320
6102623490
8109117032
6000391909
6262084160
6101391836
9589881140
6195291902
9321008140
6101049591
9226838851
6919284609
6094091878
8269439130
6215191937
8571021303
6215091976
6132091869
8534445130
6112091708
8485911303
6111791797
8347812032
6211091879
9919212032
6204791937
7977120320
6115891846
8957750111
6917083848
9113032026
7917972183
7812032026
9187931991
9212032026
7919370527
9771203202
8957750110
6190291932
7922111103
6155291967
7816110320
6152391706
6603297110
6112491842
8032011032
